Point Nearest Points 
3.9    2.56
3.9    2.46
3.9    3.9
3.9    3.6
2.56    1.34
2.56    1.24
2.56    2.56
2.56    2.46
2.56    3.9
2.56    3.6
1.34    1.34
1.34    1.24
1.34    2.56
1.34    2.46
6.57    5.1
6.57    5.7
6.57    6.57
6.57    6.67
5.1    5.1
5.1    5.7
5.1    6.57
5.1    6.67
3.6    2.56
3.6    2.46
3.6    3.9
3.6    3.6
2.46    1.34
2.46    1.24
2.46    2.56
2.46    2.46
2.46    3.9
2.46    3.6
1.24    1.34
1.24    1.24
1.24    2.56
1.24    2.46
6.67    5.1
6.67    5.7
6.67    6.57
6.67    6.67
5.7    5.1
5.7    5.7
5.7    6.57
5.7    6.67
